[GLOBAL]
PB     = 0.0583
KEX_AB = 116.0
R1_A   = 3.5
R2_A   = 15.0

[CS_A]
L18CA  = 54.63687
L18CB  = 44.67565
L18CG  = 26.91248
L18CD1 = 24.95129
L18CD2 = 25.45841
K25CA  = 54.67620
K25CB  = 35.89702
K25CG  = 26.07372
K25CD  = 29.29622
K25CE  = 42.28510
I28CA  = 59.70467
I28CB  = 35.21383
I28CG1 = 27.10543
I28CG2 = 17.60154
I28CD1 = 10.63040

[DW_AB]
L18CA  = 1.0
L18CB  = -2.5
L18CG  = 0.05
L18CD1 = 0.01
L18CD2 = -2.0
K25CA  = 1.5
K25CB  = -3.0
K25CG  = -1.5
K25CD  = -0.5
K25CE  = -0.5
I28CA  = 1.5
I28CB  = 3.0
I28CG1 = 0.01
I28CG2 = 0.01
I28CD1 = 2.5
