[R1_A]
L18CB  = 5.15612
L18CG  = 2.28749
L18CD1 = 1.98704
L18CD2 = 2.43466
K25CA  = 2.35110
K25CB  = 4.38731
K25CG  = 3.31199
K25CD  = 3.51619
K25CE  = 2.80700
I28CA  = 2.32072
I28CB  = 1.99849
I28CG1 = 3.57275
I28CG2 = 2.34260
I28CD1 = 1.36876
