[R2_A]
L18CB  = 19.13600
L18CG  = 10.45110
L18CD1 =  5.48758
L18CD2 =  5.45808
K25CA  = 18.71580
K25CB  = 25.72690
K25CG  = 15.65500
K25CD  = 11.92710
K25CE  = 10.48670
I28CA  = 21.15980
I28CB  = 18.35050
I28CG1 = 15.40720
I28CG2 =  7.47990
I28CD1 =  6.99526
