[GLOBAL]
PB     =   1.12728e-2
KEX_AB =   1.03901e+2
DW_AB  =   0.001
R1_A   =   1.0
R2_A   =  12.0
R2MQ_A =  20.0
J_A    = -93.0
