[R1_A]
L4CD1   = 1.52433
L4CD2   = 0.90598
I9CD1   = 0.30273
L18CD1  = 0.93369
L18CD2  = 0.84303
I27CD1  = 0.39037
L32CD1  = 1.13643
L32CD2  = 0.83758
V35CG1  = 1.25547
V35CG2  = 0.63753
M36CE   = 0.21779
L39CD1  = 1.38708
L39CD2  = 0.77816
L48CD1  = 1.17750
L48CD2  = 1.07085
M51CE   = 0.24685
I52CD1  = 0.38741
V55CG1  = 1.05649
V55CG2  = 0.82155
I63CD1  = 0.47764
L69CD1  = 0.81499
L69CD2  = 0.81145
M71CE   = 0.27625
M72CE   = 0.24411
M76CE   = 0.25106
I85CD1  = 0.37678
V91CG1  = 1.24944
V91CG2  = 0.77116
I100CD1 = 0.51933
L105CD1 = 0.80361
L105CD2 = 0.80659
V108CG1 = 1.39823
V108CG2 = 0.59951
M109CE  = 0.27070
L112CD1 = 1.28642
L112CD2 = 0.82079
L116CD1 = 1.21263
L116CD2 = 0.79503
V121CG1 = 1.20510
V121CG2 = 0.76955
M124CE  = 0.24637
I125CD1 = 0.49805
I130CD1 = 0.42280
V136CG1 = 1.22937
V136CG2 = 1.17019
V142CG1 = 0.97418
V142CG2 = 1.13174
M144CE  = 0.27043
M145CE  = 0.25399
