[CS_A]
F4N  = 123.52614
E5N  = 119.04007
A6N  = 124.39018
L7N  = 126.49991
Y8N  = 111.96299
D9N  = 117.74359
Y10N = 121.59740
E11N = 128.26600
A12N = 126.60237
R13N = 122.45811
T14N = 114.10966
E15N = 117.97362
D16N = 117.00766
D17N = 119.43067
L18N = 120.07260
S19N = 116.10105
F20N = 116.52170
H21N = 117.45838
K22N = 121.89114
G23N = 115.65122
E24N = 123.95969
K25N = 121.17500
F26N = 116.56740
Q27N = 120.49054
I28N = 126.95426
L29N = 128.93758
N30N = 115.58082
S32N = 116.85539
E33N = 121.53416
G34N = 108.53161
D35N = 118.64590
W36N = 120.78546
W37N = 124.20084
E38N = 124.74501
A39N = 132.08260
R40N = 119.81905
S41N = 120.56611
L42N = 130.88830
T43N = 116.37695
T44N = 108.28484
G45N = 111.17904
E46N = 121.17542
T47N = 116.97768
A48N = 127.63558
Y49N = 117.62320
I50N = 113.33577
S52N = 121.38648
N53N = 115.13896
Y54N = 118.73538
V55N = 109.16325
A56N = 121.85472
V58N = 120.45108
D59N = 122.19693
R60N = 124.79573
