[DW_AB]
F4N = -3.05190
E5N =  3.14581
A6N =  0.27154
L7N = -5.72901
Y8N =  7.95502
D9N =  4.03202
Y10N = -0.97399
E11N = -6.48416
A12N = -1.83764
R13N = -1.86384
T14N =  1.35115
E15N =  4.30260
D16N =  3.63643
D17N =  1.18313
L18N =  2.41519
S19N = -0.64411
F20N =  4.78917
H21N =  2.90397
K22N =  0.36670
G23N = -6.04259
E24N = -3.18153
K25N =  0.25685
F26N =  3.93045
Q27N =  1.36365
I28N = -4.29747
L29N = -2.65548
N30N =  3.98893
S32N =  1.06539
E33N =  0.58798
G34N =  0.56397
D35N =  1.89486
W36N =  0.35333
W37N = -2.88185
E38N = -3.05748
A39N = -8.13344
R40N = -0.30116
S41N = -4.07815
L42N = -6.80159
T43N = -2.39412
T44N =  6.65683
G45N = -0.21191
E46N = -0.50171
T47N = -1.48521
A48N = -0.93675
Y49N =  2.74528
I50N = 12.98640
S52N = -5.69072
N53N =  4.69747
Y54N =  2.40707
V55N = 16.70760
A56N =  8.11073
V58N = -1.27461
D59N =  1.72388
R60N =  1.09916
