[DW_AB]
 L7HD1 = 1.63811e-1
 L7HD2 = 1.03994e-1
I28HD1 = 4.33188e-1
L18HD1 = 1.20630e-1
L18HD2 = 1.08052e-1
L29HD1 = 7.59273e-2
L29HD2 = 8.55285e-2
L42HD1 = 2.85130e-2
I50HD1 = 2.36983e-1
V55HG1 = 4.49561e-1
V55HG2 = 2.22973e-1
V58HG1 = 8.69502e-2
V58HG2 = 1.35896e-1
