[GLOBAL]
PB     = 0.045
KEX_AB = 50.0
DW_AB  = 0.0
R1_A   = 2.3
R2_A   = 15.0

[CS_A]
L7CD2  = 21.63866
L18CD2 = 24.53267
I28CD1 = 10.07248
L29CD2 = 21.96583
L29CD1 = 25.48657
I50CD1 = 13.25188
V55CG2 = 18.30867
V58CG2 = 21.26392

[DW_AB]
L7CD2  = 1.5
L18CD2 = -1.5
I28CD1 = 2.5
L29CD1 = -1.0
L29CD2 = 1.0
I50CD1 = -1.0
V55CG2 = 2.0
V58CG2 = -1.0
